//     A,  K,  Q,  J,  T,  9,  8,  7,  6,  5,  4,  3,  2
// A:  1,  1,  2,  2,  3,  5,  5,  5,  5,  5,  5,  5,  5
// K:  2,  1,  2,  3,  4,  6,  7,  7,  7,  7,  7,  7,  7
// Q:  3,  4,  1,  3,  4,  5,  7, 99, 99, 99, 99, 99, 99
// J:  4,  5,  5,  1,  3,  4,  6,  8, 99, 99, 99, 99, 99
// T:  6,  6,  6,  5,  2,  4,  5,  7, 99, 99, 99, 99, 99
// 9:  8,  8,  8,  7,  7,  3,  4,  5,  8, 99, 99, 99, 99
// 8: 99, 99, 99,  8,  8,  7,  4,  5,  6,  8, 99, 99, 99
// 7: 99, 99, 99, 99, 99, 99,  8,  5,  5,  6,  8, 99, 99
// 6: 99, 99, 99, 99, 99, 99, 99,  8,  6,  7,  7, 99, 99
// 5: 99, 99, 99, 99, 99, 99, 99, 99,  8,  6,  6,  7, 99
// 4: 99, 99, 99, 99, 99, 99, 99, 99, 99,  8,  7,  7,  8
// 3: 99, 99, 99, 99, 99, 99, 99, 99, 99, 99, 99,  7,  8
// 2: 99, 99, 99, 99, 99, 99, 99, 99, 99, 99, 99, 99,  7